2.58102     -0.438663     -0.116897     0.622991     0.43193     
-6.61119e-11     0.796568     -0.539368     0.0601893     -0.177414     
9.40477e-18     6.07286e-08     -0.325673     0.409526     0.14477     
1.68287e-17     1.05191e-17     9.55497e-05     0.21386     -0.120244     
4.00863e-17     2.30828e-19     -1.07079e-17     4.7259e-21     0.00173063     
--------------------------------------
2.58102     
--------------------------------------
0.422301     
0.537033     
0.360173     
0.365196     
0.519774     
--------------------------------------
0.796568     
--------------------------------------
-0.0125902     
-0.224537     
0.300611     
-0.902965     
0.209073     
--------------------------------------
-0.325673     
--------------------------------------
0.516488     
-0.635482     
-0.226021     
-0.316974     
0.421716     
--------------------------------------
0.21386     
--------------------------------------
-0.800341     
-0.00779277     
0.273495     
0.529909     
-0.0615613     
--------------------------------------
0.00173063     
--------------------------------------
0.387752     
-0.0639992     
-0.476337     
-0.552664     
0.559659     
--------------------------------------
